start=149.066000
gamma=-1.000000
aid=1
sid=1
