start=274.365000
sub-pos=99.000000
